65537,2371,75798,49172,26309,24714
32772,87843,27819,38609,41296,88844
32776,60949,69688,15836,96861,19750
65545,24195,66169,28329,73461,11879
65546,48864,98254,39098,68659,18113
98316,87493,39540,71208,5892,82958
81922,57646,1224,92965,37578,45292
28370,34764,495,74776,3748,90279
32795,62534,53511,65527,53817,2850
32810,60934,18251,57952,58543,58870
32811,6215,5841,63428,55407,27725
87389,47014,30818,64708,85423,8753
98312,42764,62576,20140,22422,93691
65586,70321,3087,10213,651,1010
32820,66607,29101,55801,43211,8537
98361,9350,2922,46301,5798,93706
65595,849,81148,37952,10820,18551
65610,91631,79961,22294,40231,7168
65612,98796,14660,55229,96473,98289
98385,61002,16777,360,2905,32965
65619,6331,36784,34828,80656,58542
65620,42379,5778,71755,46102,14097
65623,42001,41020,14438,44032,90998
32859,12969,62640,83844,4328,4440
65629,96693,94567,12503,21469,47305
65634,43259,51483,43000,60699,74436
65636,69976,78150,19012,99959,48104
98406,87194,77882,94500,45158,69173
32872,28862,72032,53646,29351,41470
32877,35392,71214,80304,99777,29139
65648,10612,77448,28563,24861,14070
65652,65707,11605,22674,77751,88929
32888,72554,2240,28204,96829,9365
32894,75153,74964,16876,66476,86196
98433,65257,16965,51499,55025,5478
38251,97766,81840,31592,30037,10689
65671,91008,17663,62380,94595,54394
98441,4968,37967,79956,71947,91513
32907,79037,18554,24850,3763,98277
65676,90224,2702,82452,75902,43159
98447,47281,38005,14864,16553,1605
32916,12732,5872,8578,20525,75458
65697,39192,24205,38534,2663,6320
32933,40979,70796,40609,69845,66323
32938,44935,71052,19030,11548,76193
21874,30020,16737,11123,31559,59396
32947,96970,54411,87903,23562,97978
98486,29657,95509,19503,30937,36108
98487,97924,82481,32553,81619,32086
32952,14526,35600,3143,4171,83363
98489,98732,60648,59957,7416,68292
98490,53609,6072,66848,52610,34026
32958,71020,75649,59842,7072,30825
65727,48614,3538,47972,33797,80568
65728,63588,78707,95049,15956,48100
65733,70943,96484,87960,94273,10295
98508,82963,7552,83822,80938,3172
98509,31287,17546,87251,21603,71347
32976,47307,39407,94894,886,77711
65748,57185,63550,69782,92774,84311
32985,78384,83850,36052,9390,26627
32986,20958,51447,12949,96796,60508
65760,87324,49685,99995,78513,11789
65761,52207,22608,62442,39752,26985
98534,69034,11690,43628,60474,95134
32999,69203,16020,92348,51496,45053
98537,18830,74762,35572,66779,80150
98543,71675,6695,65242,67433,96420
65776,13273,99193,6,79887,68939
33014,75523,99828,64399,46557,89825
33019,93270,84499,7658,56209,64859
33026,97489,41908,97449,92615,83064
65800,62416,19763,33237,26552,25388
65806,62930,76026,8846,42460,26669
33042,78916,16914,95192,85275,3435
65811,29329,81183,85667,43378,73596
33045,97433,92906,7302,24485,97459
98582,24151,30220,26442,62568,47340
33047,4848,69448,30298,38365,26020
33048,95554,54584,46118,20899,59760
65817,8519,34628,78894,16423,61149
33050,94497,82957,54429,19791,98721
65819,9439,32242,55291,18373,52193
98598,69649,98212,34711,3481,20469
65831,32831,77958,68708,99618,84770
33067,28043,63375,58300,91733,74210
65837,62774,42112,29774,67830,48038
98608,65488,18532,58982,69356,9896
98611,8476,27340,78586,28022,44923
65845,82028,63300,71265,24333,7181
56660,1289,51164,21747,74968,29438
65851,47336,88227,49216,26387,7198
33088,23519,643,82323,9344,29370
33089,58517,98785,24689,62050,94133
33096,9004,41128,30999,77305,74419
33098,26986,89082,90732,78431,25057
33099,39579,89281,1398,47996,79133
98637,34809,30927,49432,33192,87014
33103,30573,96672,47497,87748,86616
65874,66541,47922,2828,74101,31494
